165
166
166
166
165
166
166
166
166
166
166
166
166
165
165
165
166
166
166
166
165
167
165
166
166
166
166
167
166
166
167
168
167
169
169
170
171
173
173
174
175
176
176
177
177
179
179
180
181
181
182
183
184
183
185
185
185
186
186
188
189
189
189
190
191
191
193
193
194
195
196
196
198
197
198
199
199
201
201
202
201
203
204
205
205
204
206
205
206
207
207
207
208
210
208
209
210
211
210
211
211
211
211
212
211
213
212
213
213
213
213
214
213
214
214
214
215
214
215
215
215
216
215
216
216
215
216
217
216
216
217
217
217
217
218
217
218
218
218
217
218
218
219
219
218
219
218
218
219
218
218
219
218
219
218
219
219
219
219
219
219
219
219
218
219
219
219
220
219
220
219
220
220
219
219
219
220
220
220
221
219
220
219
221
220
220
220
221
221
221
220
220
221
220
220
220
220
221
220
221
221
221
221
221
222
221
222
221
221
221
222
221
221
221
221
222
222
221
221
222
221
221
222
222
222
222
221
222
221
221
222
222
222
222
222
222
222
222
222
223
222
222
223
222
222
222
222
221
223
223
222
223
223
222
224
223
223
223
223
223
222
223
223
222
222
222
224
223
222
223
224
223
224
223
224
223
223
224
223
224
223
223
224
224
223
223
223
224
223
224
223
224
223
223
224
224
224
224
224
223
224
224
224
224
225
224
225
223
224
224
224
223
224
224
224
224
224
224
224
223
224
223
224
224
224
224
225
224
224
225
225
225
225
225
224
224
225
224
226
225
225
225
225
224
225
225
225
224
224
225
225
225
225
225
225
224