203
203
203
203
204
203
204
203
204
203
204
204
204
204
203
203
203
203
203
202
201
201
202
201
202
201
202
201
201
202
202
201
201
201
200
200
199
199
199
199
199
199
201
201
201
200
201
200
200
201
200
201
201
201
202
202
203
203
204
205
204
206
206
206
207
208
207
208
209
209
211
211
211
211
212
213
214
213
213
213
213
215
215
215
215
216
216
217
217
218
217
217
219
218
218
218
218
219
220
218
219
220
220
220
221
220
220
220
220
219
221
222
221
220
219
221
220
221
221
222
221
221
220
220
221
221
221
222
222
221
222
222
221
221
221
221
222
222
222
223
222
222
222
221
223
222
222
222
222
223
222
222
222
223
223
222
222
222
221
223
222
222
223
222
222
222
221
222
222
222
221
222
223
223
222
223
222
222
223
222
222
222
222
223
223
222
223
222
223
224
222
223
222
221
223
222
221
222
223
224
223
223
222
222
222
223
223
223
224
223
223
224
223
222
223
222
223
223
223
223
222
223
222
222
223
223
224
223
223
223
223
223
222
222
224
224
224
222
224
223
224
224
224
224
224
223
224
224
224
223
224
224
224
224
224
223
224
224
224
223
223
223
224
224
224
224
224
224
225
224
224
225
224
224
224
225
224
225
224
224
225
225
224
224
224
224
224
225
224
224
225
224
224
225
225
224
224
225
224
225
225
223
225
224
225
225
224
225
225
224
225
225
224
225
225
225
224
225
225
225
225
226
224
225
225
226
225
226
224
226
225
225
225
225
225
227
226
226
226
225
226
226
226
225
227
226
225
226
225
225
226
227
225
226
226
226
226
225