253
254
255
251
254
224
126
120
120
123
118
121
121
126
123
137
128
124
121
121
120
122
123
123
124
123
124
124
124
126
126
127
128
131
133
135
135
137
138
143
147
150
147
151
152
154
155
159
159
162
163
163
165
165
167
168
169
171
171
172
172
174
175
177
178
177
178
178
176
178
177
178
178
179
179
182
181
182
183
183
184
185
187
187
188
188
188
190
190
190
191
192
193
193
193
193
194
195
196
197
197
198
199
199
200
199
201
201
201
202
201
202
203
203
203
204
203
205
205
205
205
205
207
206
206
206
206
206
207
207
207
207
208
207
208
208
209
209
210
210
209
210
211
211
210
210
210
211
212
212
212
211
211
212
213
212
212
213
213
213
214
213
214
215
214
214
215
214
214
214
215
215
215
215
215
215
215
217
216
216
215
215
216
215
216
217
216
217
217
217
217
217
218
218
218
219
218
218
218
218
217
218
218
218
218
218
219
219
218
219
219
218
219
220
220
220
220
220
220
219
219
220
219
219
219
219
220
220
220
220
220
220
219
220
220
219
221
220
221
221
220
221
220
221
221
220
221
220
222
221
220
222
221
222
221
221
221
221
221
221
222
221
222
221
222
222
223
221
222
222
222
222
222
222
222
222
222
221
222
221
223
222
223
223
222
222
223
222
223
223
223
222
224
222
224
223
223
222
222
223
223
223
222
223
223
224
224
223
224
223
223
224
224
224
223
223
223
223
224
222
223
224
223
224
224
224
224
224
224
224
224
225
224
225
224
225
224
224
224
224
225
225
225
225
224
225
224
224
224
224
225
224
225
224
225
225
226
223