167
167
167
172
169
171
170
168
168
168
168
168
169
168
169
174
169
169
170
169
169
170
169
169
169
168
170
168
170
170
168
169
169
169
169
170
168
168
167
168
167
166
167
168
169
168
167
168
167
168
168
167
168
167
167
168
169
167
168
167
167
167
167
167
167
167
167
167
167
167
169
168
167
167
170
184
168
169
166
167
167
168
169
167
168
169
168
168
167
168
168
169
168
169
169
169
168
168
169
168
169
168
168
168
168
168
168
168
168
167
168
167
168
168
167
168
168
168
168
168
168
167
167
167
167
167
167
168
168
167
167
168
167
167
167
167
168
167
168
168
167
168
168
168
167
168
167
167
167
167
168
167
167
167
168
167
167
168
167
168
168
168
168
168
168
169
168
168
168
168
168
167
167
168
168
168
167
168
167
168
168
167
167
167
168
167
168
168
168
167
168
167
167
167
168
167
167
168
168
167
167
167
168
167
167
167
167
167
167
166
167
168
167
167
168
167
168
168
167
167
167
167
167
168
168
168
168
167
168
168
167
167
168
167
167
168
168
168
168
168
168
168
168
167
168
169
168
167
168
169
168
168
168
168
169
168
168
168
168
167
169
168
168
167
167
168
168
167
168
168
168
168
167
167
167
167
167
168
167
167
168
168
167
168
167
168
168
168
167
167
167
167
168
167
166
167
167
168
167
168
167
168
168
169
169
168
167
168
167
168
168
168
168
167
167
168
168
168
168
168
168
168
168
168
168
168
169
168
169
169