199
199
199
200
201
200
200
200
200
200
200
199
200
201
200
201
200
200
199
201
200
200
199
199
199
199
198
198
200
198
199
198
198
199
198
199
198
197
198
197
198
197
197
197
196
196
196
195
197
196
197
197
196
197
196
197
197
196
195
197
197
195
198
196
196
197
197
198
197
198
198
198
198
198
197
197
197
197
197
197
198
198
197
197
198
198
198
198
198
199
198
198
198
198
197
198
198
197
199
199
199
199
198
199
198
199
198
198
198
199
199
199
199
200
200
199
199
199
199
200
199
199
199
200
199
200
200
200
200
199
200
199
201
199
199
199
200
200
200
200
200
200
200
199
200
198
200
200
199
199
198
199
198
198
199
199
199
199
197
198
197
198
197
198
198
197
196
196
196
197
197
196
197
196
198
197
197
197
197
198
196
196
197
197
197
197
197
197
197
198
197
198
197
197
198
198
197
198
198
197
198
198
198
198
198
198
197
198
198
198
199
198
199
198
198
197
198
199
198
198
198
198
199
199
198
199
198
200
200
199
198
199
197
200
199
200
197
200
199
199
199
200
199
199
200
198
200
200
199
199
199
199
199
199
198
201
199
200
200
199
201
200
199
199
199
200
200
200
199
199
198
198
198
198
197
198
199
198
197
197
198
197
199
197
197
197
197
197
196
197
197
196
197
197
197
197
197
196
198
198
198
197
197
197
197
197
197
198
197
196
197
197
197
197
197
197
198
197
198
197
197
198
198
198
198
198
198
198