181
180
180
179
180
180
179
180
181
180
179
180
180
180
179
179
180
180
180
181
180
181
181
181
181
180
181
181
180
180
180
180
180
181
180
181
181
181
181
181
182
182
182
181
183
184
182
183
181
180
181
181
181
181
180
181
182
180
180
182
181
180
180
180
179
180
180
180
180
180
179
179
179
179
179
178
179
179
179
180
179
179
180
179
179
179
179
179
178
179
180
180
179
179
179
180
180
179
180
180
179
180
180
179
179
179
180
180
180
180
180
178
180
179
180
180
180
180
180
181
181
181
180
179
180
181
181
180
180
180
180
180
181
180
180
180
181
180
181
180
180
180
180
180
181
179
181
180
180
180
180
181
180
180
181
180
179
180
179
179
180
179
180
179
179
179
179
179
180
179
179
179
179
178
178
179
179
180
179
179
179
179
180
179
179
180
179
180
180
180
179
179
180
180
179
179
180
180
180
180
181
180
180
180
179
180
180
180
180
180
181
181
180
180
180
180
180
180
179
180
180
179
182
181
180
181
181
180
180
180
181
181
181
180
180
180
180
180
181
181
181
180
180
180
180
180
180
180
180
180
180
179
179
180
178
180
179
179
179
179
180
179
179
180
179
179
180
179
179
179
180
180
180
180
179
180
179
179
179
180
180
180
179
180
180
179
178
180
179
179
179
180
180
179
180
180
180
180
180
179
180
180
180
180
180
180
181
180
180
180
180
179
180
180
180
180
180
181
180
180
180
180
181
181
180
180
181
180
180
180
180
180
180
180
180
180